normal.0.png 572 224 670 219 1227 214 1319 214 1557 776 1416 769 483 774 322 774 639 307 953 305 1254 305 1354 588 940 589 940 588 
normal.1.0.png 365 371 452 375 976 368 1066 371 1359 916 1197 912 243 909 81 909 426 446 714 450 1002 446 1111 719 718 717 321 720 
normal.1.1.png 373 298 459 301 946 300 1024 300 1294 798 1142 799 265 794 116 794 431 367 702 367 971 376 1072 623 702 620 334 620 
normal.1.3.png 381 371 462 376 974 374 1058 376 1350 902 1185 899 257 895 99 900 436 448 715 446 1001 449 1110 712 719 708 333 711 
normal.1.2.png 377 371 461 367 963 371 1049 367 1333 890 1177 889 260 883 103 887 431 441 713 441 993 438 1097 700 714 699 330 703 
normal.1.4.png 429 386 510 379 987 379 1068 381 1336 881 1192 877 313 874 166 874 482 451 748 449 1013 150 1113 702 750 669 380 702 
normal.1.5.png 398 390 481 388 972 390 1059 388 1335 901 1183 896 277 893 127 896 458 459 725 462 1004 459 1109 714 727 714 354 714 
normal.1.png 579 219 670 219 1228 216 1323 221 1581 772 1423 772 484 775 323 779 644 305 951 307 1256 305 1356 586 951 588 549 588 
normal.2.png 575 218 673 218 1225 218 1320 216 1581 771 1420 771 481 771 328 771 644 303 952 303 1252 303 1352 387 946 587 549 587 
normal.3.png 579 221 672 221 1228 223 1323 221 1579 775 1423 775 486 775 323 777 647 309 949 307 1254 305 1351 588 949 586 549 588 
normal.1.10.png 344 354 430 354 944 354 1025 354 1317 889 1157 886 220 886 63 889 403 433 687 430 968 430 1079 697 687 695 295 695 
normal.1.12.png 377 363 460 365 972 365 1057 365 1350 897 1190 895 249 895 90 897 434 440 715 440 1000 443 1104 705 720 702 330 705 
normal.8.png 577 217 672 217 1225 220 1323 217 1580 772 1420 772 483 770 322 772 640 305 950 305 1255 300 1352 587 945 587 548 585 
normal.9.png 573 222 670 220 1227 220 1322 220 1578 776 1414 774 486 774 324 779 646 303 949 306 1251 301 1354 593 949 590 546 593 
