tennis_all_19_1.png 1440 1080 381 371 462 376 974 374 1058 376 1350 902 1185 899 257 895 99 900 436 448 715 446 1001 449 1110 712 719 708 333 711 
tennis_all_19_2.png 1440 1080 398 390 481 388 972 390 1059 388 1335 901 1183 896 277 893 127 896 458 459 725 462 1004 459 1109 714 727 714 354 714 
tennis_all_20_1.png 1920 1080 579 219 670 219 1228 216 1323 221 1581 772 1423 772 484 775 323 779 644 305 951 307 1256 305 1356 586 951 588 549 588 
tennis_all_20_2.png 1920 1080 575 218 673 218 1225 218 1320 216 1581 771 1420 771 481 771 328 771 644 303 952 303 1252 303 1352 387 946 587 549 587 
tennis_all_4_1.png 1024 576 546 285 577 285 801 283 840 282 874 452 745 447 167 419 92 415 546 296 663 296 796 295 771 366 546 360 358 357 
tennis_all_5_1.png 1024 576 434 255 472 255 713 252 752 250 965 429 837 429 120 423 9 420 446 269 582 268 723 268 778 343 529 343 291 340 
tennis_all_14_1.png 1024 576 584 291 614 290 841 290 882 290 921 461 790 455 212 422 139 418 580 303 699 303 837 304 814 374 584 367 396 363 
tennis_all_15_1.png 1024 576 367 266 400 267 616 268 653 268 690 458 597 457 66 447 1 442 367 284 488 287 614 287 605 374 400 372 208 370 
tennis_all_16_1.png 1024 576 437 221 472 221 710 223 747 221 959 400 834 394 143 376 47 372 448 235 577 237 717 237 771 312 525 307 302 303 
tennis_all_17_1.png 1024 576 293 229 332 230 564 234 599 235 869 427 767 427 132 422 20 422 315 249 448 251 583 254 675 339 453 337 224 335 
tennis_all_21_1.png 960 540 242 144 285 143 552 141 595 140 800 407 713 407 198 421 108 424 276 180 425 179 573 177 652 310 444 314 233 319 
tennis_all_22_1.png 960 540 353 193 384 195 580 193 612 193 798 453 717 453 229 454 148 454 368 222 480 222 593 220 658 342 475 342 296 345 
tennis_all_23_1.png 1528 864 489 295 563 296 997 293 1073 293 1333 706 1193 704 371 706 231 706 539 350 781 350 1023 348 1119 555 781 557 441 557 
tennis_all_23_2.png 1528 864 421 293 510 293 1038 293 1128 295 1414 749 1246 749 292 741 126 743 480 355 774 357 1067 359 1172 586 772 581 373 584 